250
10.5
-9.5
12
11.5
-9.5
12
12.5
-9.5
12
13.5
-9.5
12
14.5
-9.5
12
15.5
-9.5
12
16.5
-9.5
12
17.5
-9.5
12
9.5
-9.5
12
8.5
-9.5
12
7.5
-9.5
12
6.5
-9.5
12
5.5
-9.5
12
4.5
-9.5
12
3.5
-9.5
12
2.5
-9.5
12
1.5
-9.5
12
0.5
-9.5
12
-0.5
-9.5
12
-1.5
-9.5
12
-2.5
-9.5
12
-3.5
-9.5
12
-4.5
-9.5
12
-5.5
-9.5
12
-6.5
-9.5
12
-7.5
-9.5
12
-8.5
-9.5
12
-9.5
-9.5
12
-10.5
-9.5
12
-11.5
-9.5
12
-12.5
-9.5
12
-13.5
-9.5
12
-14.5
-9.5
12
-15.5
-9.5
12
-16.5
-9.5
12
-17.5
-9.5
12
18.5
-9.5
2
18.5
-8.5
4
18.5
-7.5
4
18.5
-6.5
4
18.5
-5.5
4
18.5
-4.5
4
18.5
-3.5
4
18.5
-2.5
4
18.5
-1.5
4
18.5
-0.5
4
18.5
0.5
4
18.5
1.5
4
-18.5
-9.5
1
-18.5
-8.5
10
-18.5
-7.5
10
-18.5
-6.5
10
-18.5
-5.5
10
-18.5
-4.5
10
-18.5
-3.5
10
-18.5
-2.5
10
-18.5
-1.5
10
-18.5
-0.5
10
-18.5
0.5
10
-18.5
1.5
10
-18.5
2.5
10
-18.5
3.5
7
18.5
3.5
4
18.5
2.5
4
18.5
10.5
23
-18.5
10.5
3
18.5
4.5
4
18.5
5.5
4
-18.5
4.5
7
-18.5
5.5
7
-18.5
7.5
7
-18.5
6.5
7
-18.5
8.5
7
-18.5
9.5
7
18.5
6.5
4
18.5
7.5
4
18.5
8.5
4
18.5
9.5
4
17.5
10.5
8
16.5
10.5
8
15.5
10.5
8
14.5
10.5
8
13.5
10.5
8
12.5
10.5
8
11.5
10.5
8
10.5
10.5
8
9.5
10.5
8
8.5
10.5
8
7.5
10.5
8
6.5
10.5
8
5.5
10.5
8
4.5
10.5
8
3.5
10.5
8
2.5
10.5
8
1.5
10.5
8
0.5
10.5
8
-0.5
10.5
8
-1.5
10.5
8
-2.5
10.5
8
-3.5
10.5
8
-4.5
10.5
8
-5.5
10.5
8
-6.5
10.5
8
-7.5
10.5
8
-8.5
10.5
8
-9.5
10.5
8
-10.5
10.5
8
-11.5
10.5
8
-12.5
10.5
8
-13.5
10.5
8
-14.5
10.5
8
-15.5
10.5
8
-16.5
10.5
8
-17.5
10.5
8
-17.5
0.5
4
-16.5
0.5
0
-16.5
1.5
0
-17.5
1.5
4
-17.5
2.5
4
-16.5
2.5
0
-17.5
-0.5
4
-16.5
-0.5
0
-15.5
-0.5
0
-14.5
-0.5
0
-14.5
3.5
0
-13.5
3.5
0
-12.5
3.5
0
-15.5
3.5
0
-16.5
3.5
0
-17.5
3.5
4
-17.5
4.5
4
-17.5
-1.5
4
-17.5
-2.5
4
-17.5
-3.5
4
-17.5
-4.5
4
-17.5
-5.5
4
-17.5
-6.5
4
-17.5
-7.5
4
-17.5
-8.5
5
-16.5
-8.5
8
-15.5
-8.5
8
-14.5
-8.5
8
-13.5
-8.5
8
-12.5
-8.5
8
-11.5
-8.5
8
-10.5
-8.5
8
-9.5
-8.5
8
-8.5
-8.5
8
-7.5
-8.5
8
-6.5
-8.5
8
-5.5
-8.5
8
-4.5
-8.5
8
-3.5
-8.5
8
-2.5
-8.5
8
-1.5
-8.5
8
-0.5
-8.5
8
0.5
-8.5
8
1.5
-8.5
8
2.5
-8.5
8
3.5
-8.5
8
4.5
-8.5
8
5.5
-8.5
8
6.5
-8.5
8
7.5
-8.5
8
8.5
-8.5
8
9.5
-8.5
8
10.5
-8.5
8
11.5
-8.5
8
12.5
-8.5
8
13.5
-8.5
8
14.5
-8.5
8
15.5
-8.5
8
16.5
-8.5
8
17.5
-8.5
9
17.5
-7.5
10
17.5
-6.5
10
17.5
-5.5
10
17.5
-4.5
10
17.5
-3.5
10
17.5
-2.5
10
17.5
-1.5
10
17.5
-0.5
10
17.5
0.5
10
17.5
1.5
10
17.5
2.5
10
17.5
3.5
10
17.5
4.5
10
17.5
5.5
10
17.5
6.5
10
17.5
7.5
10
17.5
8.5
10
17.5
9.5
11
16.5
9.5
12
15.5
9.5
12
14.5
9.5
12
13.5
9.5
12
12.5
9.5
12
11.5
9.5
12
10.5
9.5
12
9.5
9.5
12
8.5
9.5
12
7.5
9.5
12
6.5
9.5
12
5.5
9.5
12
4.5
9.5
12
3.5
9.5
12
2.5
9.5
12
1.5
9.5
12
0.5
9.5
12
-0.5
9.5
12
-1.5
9.5
12
-2.5
9.5
12
-3.5
9.5
12
-4.5
9.5
12
-5.5
9.5
12
-6.5
9.5
12
-7.5
9.5
12
-8.5
9.5
12
-9.5
9.5
12
-10.5
9.5
12
-11.5
9.5
12
-12.5
9.5
12
-13.5
9.5
12
-14.5
9.5
12
-15.5
9.5
12
-16.5
9.5
12
-17.5
9.5
6
-17.5
8.5
4
-17.5
7.5
4
-17.5
6.5
4
-17.5
5.5
4
-11.5
2.5
0
-11.5
1.5
0
-12.5
-0.5
0
-13.5
-0.5
0
-11.5
-0.5
0
-11.5
0.5
0
-11.5
3.5
0
-12.5
2.5
20
-12.5
0.5
22
-13.5
0.5
21
-14.5
0.5
21
-15.5
0.5
21
-12.5
1.5
19
-13.5
2.5
18
-14.5
2.5
18
-15.5
2.5
17
-13.5
1.5
14
-14.5
1.5
14
-15.5
1.5
15
